Starting servers.
Done.
Putting data.
................................................................................................................................................................................................................................................................................................................................................................................................................................................................................................................................................................................................................................................................................................................................................................................................................................................................................................................................................................................................................................................................................................................................................................................................................................................................................................................................................................................................................................................................................................................................................................................................................................................................................................................................................................................................................................................................................................................................................................................................................................................................................
Done.
..........................................................................................................................................
I KILL YOU PORT 3001
............................................................................................................................................................................
I KILL YOU PORT 3002
...................................................................................................................................................................................................................................................................................................................................................................................
I KILL YOU PORT 3003
...............................................................................................................................................................................................................................................................
I KILL YOU PORT 3006
................................................................................................................................................................................................................................................................................................................................................................................................................................................................................
I KILL YOU PORT 3004
........................................................................................................................................................................................................................................................................................................................................................................................................................................................................................................................................................................................................................
Expected vs. count: 2000 2000
0.00716304779053
0.00699782371521
0.00645899772644
0.00591802597046
0.00604200363159
0.00652098655701
0.00677895545959
0.00621581077576
0.00441598892212
0.00651907920837
0.00400304794312
0.00614905357361
0.00617003440857
0.00657200813293
0.00679802894592
0.00691604614258
0.00693416595459
0.00699400901794
0.00699305534363
0.00703096389771
0.00474715232849
0.00691294670105
0.00646901130676
0.00564312934875
0.00588297843933
0.00530886650085
0.00682401657104
0.00651288032532
0.00271606445312
0.0059289932251
0.0059609413147
0.00194811820984
0.00676488876343
0.00565695762634
0.00694489479065
0.0069420337677
0.00518798828125
0.00411796569824
0.00686192512512
0.00729894638062
0.00738406181335
0.00603795051575
0.0046169757843
0.00632095336914
0.00667500495911
0.0063910484314
0.00668907165527
0.00646805763245
0.00642395019531
0.00654792785645
0.00649809837341
0.00609302520752
0.00506401062012
0.00693416595459
0.00657796859741
0.00715804100037
0.00695395469666
0.00519514083862
0.00198006629944
0.00670313835144
0.0066819190979
0.00576400756836
0.00644397735596
0.00664901733398
0.00637698173523
0.00648999214172
0.00650119781494
0.00638103485107
0.0061891078949
0.00590491294861
0.00639891624451
0.00711584091187
0.00201797485352
0.00707197189331
0.00625991821289
0.00717115402222
0.00705313682556
0.00674700737
0.00483798980713
0.00711703300476
0.00709819793701
0.00617814064026
0.00596690177917
0.00668215751648
0.00679898262024
0.00685501098633
0.00585699081421
0.00658488273621
0.00726222991943
0.00679183006287
0.00607514381409
0.00664591789246
0.0073618888855
0.0070629119873
0.00596499443054
0.00693416595459
0.00666999816895
0.0067880153656
0.00712299346924
0.00711584091187
0.00677704811096
0.00741100311279
0.00653100013733
0.00728583335876
0.00708913803101
0.00656414031982
0.0125730037689
0.00732898712158
0.00638103485107
0.00650191307068
0.00201392173767
0.00690603256226
0.00731515884399
0.00764584541321
0.00558805465698
0.00193691253662
0.00780606269836
0.00652194023132
0.00673890113831
0.00742316246033
0.0072979927063
0.00730609893799
0.00730609893799
0.00551509857178
0.00527000427246
0.00727105140686
0.00632786750793
0.00554013252258
0.0074450969696
0.00521087646484
0.00721788406372
0.00628685951233
0.00706887245178
0.00617599487305
0.00562119483948
0.00726413726807
0.00732398033142
0.00624108314514
0.00684285163879
0.00815105438232
0.004634141922
0.00627589225769
0.00659799575806
0.0019838809967
0.00629019737244
0.00194907188416
0.00630402565002
0.00633311271667
0.0053870677948
0.00713109970093
0.00667905807495
0.00675702095032
0.00629806518555
0.00664710998535
0.00643396377563
0.00644516944885
0.0064868927002
0.00656914710999
0.00655603408813
0.00681114196777
0.00649905204773
0.00674819946289
0.00671100616455
0.00628399848938
0.00659894943237
0.00664186477661
0.00695419311523
0.0068039894104
0.00665998458862
0.00704288482666
0.00638389587402
0.0062108039856
0.00725793838501
0.00678110122681
0.00747895240784
0.00690603256226
0.00689911842346
0.0063579082489
0.00530099868774
0.00648307800293
0.00704884529114
0.00590920448303
0.00642395019531
0.0063099861145
0.00715804100037
0.00718283653259
0.00709795951843
0.00480198860168
0.00743913650513
0.00428080558777
0.00738096237183
0.00615000724792
0.00612616539001
0.0602958202362
0.00665497779846
0.00589919090271
0.00676798820496
0.00701999664307
0.00697207450867
0.0068039894104
0.00671720504761
0.00692296028137
0.00743389129639
0.00663495063782
0.00586104393005
0.00738596916199
0.00755500793457
0.00438714027405
0.00652599334717
0.00717878341675
0.00698685646057
0.00663995742798
0.00705599784851
0.00258493423462
0.00670695304871
0.00698208808899
0.00705718994141
0.00676298141479
0.00714802742004
0.00704407691956
0.00569176673889
0.00718879699707
0.00554394721985
0.00586795806885
0.00712013244629
0.00737500190735
0.00715398788452
0.00684809684753
0.00719404220581
0.00674414634705
0.00690698623657
0.00684380531311
0.00281381607056
0.00634908676147
0.0063591003418
0.00786900520325
0.00668883323669
0.00735306739807
0.0063591003418
0.00641083717346
0.00650501251221
0.00674605369568
0.00696611404419
0.00653386116028
0.00774621963501
0.00727510452271
0.00676703453064
0.00789380073547
0.0073070526123
0.00703907012939
0.00703096389771
0.00681686401367
0.00715398788452
0.0070481300354
0.00720500946045
0.00705599784851
0.00682616233826
0.00690197944641
0.00669097900391
0.00713610649109
0.00715708732605
0.00659894943237
0.00780296325684
0.00694108009338
0.00653505325317
0.00704288482666
0.00225496292114
0.0068838596344
0.00653100013733
0.0096218585968
0.00714087486267
0.00688004493713
0.00753307342529
0.00759387016296
0.00682616233826
0.00603699684143
0.00766801834106
0.00705504417419
0.00695300102234
0.00710606575012
0.00691890716553
0.0069580078125
0.00694608688354
0.00683116912842
0.00669693946838
0.00814509391785
0.00707793235779
0.00710391998291
0.00690913200378
0.00650095939636
0.00707697868347
0.00664186477661
0.00747919082642
0.00696682929993
0.00757598876953
0.00736808776855
0.00685405731201
0.0073230266571
0.00752305984497
0.00746488571167
0.00624394416809
0.00681805610657
0.00251507759094
0.00649404525757
0.00657200813293
0.00681495666504
0.00649404525757
0.00731706619263
0.00763082504272
0.00573801994324
0.00780892372131
0.0677628517151
0.00841593742371
0.00867891311646
0.0082061290741
0.00799202919006
0.00858592987061
0.00448393821716
0.00966596603394
0.00923800468445
0.00878500938416
0.00269389152527
0.00721406936646
0.0078330039978
0.00835490226746
0.00267100334167
0.00713586807251
0.00913500785828
0.00927996635437
0.00786900520325
0.00855898857117
0.00865983963013
0.00596714019775
0.0081639289856
0.00454306602478
0.00827789306641
0.00889992713928
0.00843596458435
0.00761389732361
0.00852704048157
0.00670790672302
0.00633001327515
0.00847005844116
0.00886297225952
0.00738596916199
0.00732803344727
0.0066339969635
0.00819301605225
0.00659108161926
0.00807785987854
0.00685286521912
0.00877499580383
0.007239818573
0.0063898563385
0.00676608085632
0.00627207756042
0.00838303565979
0.00714302062988
0.0076310634613
0.00768399238586
0.00775194168091
0.00778794288635
0.00776410102844
0.00979781150818
0.00978517532349
0.00671005249023
0.00854301452637
0.0070629119873
0.00844311714172
0.00800585746765
0.00830984115601
0.00899314880371
0.00969886779785
0.00919413566589
0.0085461139679
0.00889301300049
0.00682616233826
0.00795602798462
0.0100650787354
0.00963687896729
0.00691890716553
0.00808095932007
0.0101459026337
0.00941801071167
0.00927305221558
0.00950884819031
0.00822997093201
0.0093629360199
0.00751090049744
0.00853300094604
0.00871014595032
0.00847792625427
0.00959515571594
0.0070538520813
0.00702810287476
0.0084171295166
0.00827217102051
0.0085768699646
0.00843095779419
0.00834703445435
0.0114209651947
0.0102100372314
0.00765180587769
0.00988984107971
0.010232925415
0.0100901126862
0.0077109336853
0.00988292694092
0.010214805603
0.00687408447266
0.00690984725952
0.00792193412781
0.00796604156494
0.00715899467468
0.00722408294678
0.00856900215149
0.0100710391998
0.0081729888916
0.0074520111084
0.00837779045105
0.00986909866333
0.00803399085999
0.00805401802063
0.00818419456482
0.00822305679321
0.00845503807068
0.00683307647705
0.00898814201355
0.00240302085876
0.00906491279602
0.0092408657074
0.00678396224976
0.00907897949219
0.00748205184937
0.0090320110321
0.00757884979248
0.00756001472473
0.00913095474243
0.00884914398193
0.0077440738678
0.00773191452026
0.00680088996887
0.00919103622437
0.00886392593384
0.00932812690735
0.00844812393188
0.00779700279236
0.00781202316284
0.007483959198
0.00855207443237
0.00716280937195
0.00749802589417
0.00757098197937
0.00758814811707
0.0107138156891
0.00777196884155
0.00629997253418
0.00755596160889
0.00880599021912
0.00787806510925
0.00946593284607
0.00869798660278
0.00671982765198
0.00767803192139
0.00906014442444
0.00765800476074
0.00876188278198
0.00786590576172
0.0089910030365
0.00879502296448
0.00763702392578
0.00204610824585
0.00754308700562
0.00902104377747
0.00900912284851
0.00884604454041
0.00899910926819
0.00920486450195
0.00774598121643
0.00807404518127
0.00909900665283
0.00988006591797
0.00843095779419
0.0100378990173
0.00725412368774
0.0102210044861
0.0104019641876
0.00441813468933
0.0106010437012
0.00764298439026
0.00833892822266
0.00725793838501
0.00979495048523
0.00796699523926
0.0077850818634
0.0102169513702
0.00822806358337
0.00317692756653
0.00962400436401
0.00387811660767
0.00452089309692
0.00818109512329
0.00790309906006
0.00822305679321
0.00406002998352
0.00245308876038
0.00744700431824
0.0104420185089
0.00809502601624
0.006267786026
0.00633096694946
0.00333786010742
0.00995492935181
0.00718092918396
0.00924205780029
0.00989103317261
0.00761699676514
0.00932693481445
0.0102429389954
0.00386190414429
0.00938010215759
0.0446760654449
0.0119729042053
0.0194189548492
0.0258810520172
0.0118689537048
0.00847291946411
0.00837898254395
0.00233197212219
0.0079550743103
0.00792002677917
0.00796604156494
0.0076630115509
0.00404787063599
0.00398111343384
0.00804400444031
0.00219202041626
0.008465051651
0.00823593139648
0.00669693946838
0.00831890106201
0.00785088539124
0.0077440738678
0.00479292869568
0.00781893730164
0.00776886940002
0.00756883621216
0.0066819190979
0.00773286819458
0.00747919082642
0.00780296325684
0.00748610496521
0.00742292404175
0.00770211219788
0.00736784934998
0.00752115249634
0.00663590431213
0.00773191452026
0.00828504562378
0.00388288497925
0.007807970047
0.00805902481079
0.00727200508118
0.00753498077393
0.00740694999695
0.00786304473877
0.00764203071594
0.00782418251038
0.00798797607422
0.00724506378174
0.00746202468872
0.00798487663269
0.00727987289429
0.00747299194336
0.00783109664917
0.00768399238586
0.00777912139893
0.00663208961487
0.0079140663147
0.00790810585022
0.00709199905396
0.0074520111084
0.00398993492126
0.00783801078796
0.00841617584229
0.00750112533569
0.00801205635071
0.00752806663513
0.00742697715759
0.00222301483154
0.00768303871155
0.00789499282837
0.00778198242188
0.00817203521729
0.00775790214539
0.00766110420227
0.00876998901367
0.00870108604431
0.00767302513123
0.00754308700562
0.0090970993042
0.00355386734009
0.00801992416382
0.00816297531128
0.00846290588379
0.00762009620667
0.00417184829712
0.00852918624878
0.00848007202148
0.00760507583618
0.00795483589172
0.00785207748413
0.00794100761414
0.00877499580383
0.00815796852112
0.00877285003662
0.00850200653076
0.00758409500122
0.0071918964386
0.00814390182495
0.00813293457031
0.00877904891968
0.00821399688721
0.00826907157898
0.00841808319092
0.00840711593628
0.00783586502075
0.00837898254395
0.00835800170898
0.00267601013184
0.00837397575378
0.00884604454041
0.00396800041199
0.00658392906189
0.00859904289246
0.00683403015137
0.00882411003113
0.00832009315491
0.00807809829712
0.00800514221191
0.0101420879364
0.00691699981689
0.00890707969666
0.004802942276
0.00737285614014
0.00824809074402
0.0085289478302
0.00802898406982
0.00819301605225
0.00375413894653
0.00821805000305
0.00360608100891
0.0081570148468
0.00852298736572
0.00839710235596
0.00821805000305
0.0077531337738
0.00874185562134
0.00800585746765
0.00834894180298
0.00836205482483
0.00830292701721
0.00259590148926
0.00815892219543
0.00651717185974
0.00886297225952
0.00877094268799
0.0078718662262
0.00829911231995
0.00821614265442
0.00879693031311
0.00833201408386
0.00825905799866
0.00856781005859
0.00802111625671
0.00864100456238
0.00805997848511
0.00799083709717
0.00752401351929
0.00816321372986
0.00654888153076
0.00883388519287
0.00872015953064
0.00889301300049
0.0827939510345
0.0020580291748
0.00536608695984
0.00385117530823
0.00919985771179
0.0284850597382
0.00630784034729
0.0273699760437
0.00560307502747
0.00465989112854
0.00599813461304
0.00278210639954
0.00503706932068
0.00885796546936
0.00477600097656
0.00491499900818
0.00768995285034
0.0047779083252
0.00516891479492
0.00558400154114
0.00467109680176
0.00564193725586
0.00558304786682
0.00556612014771
0.00332808494568
0.00458216667175
0.00569605827332
0.00563406944275
0.00432085990906
0.00516200065613
0.00835800170898
0.00786995887756
0.00490784645081
0.00858306884766
0.00791096687317
0.00445199012756
0.00848507881165
0.00881600379944
0.00489187240601
0.00434803962708
0.00479102134705
0.00461387634277
0.0084080696106
0.00418615341187
0.00830602645874
0.00866508483887
0.00447487831116
0.00477695465088
0.00857305526733
0.00337195396423
0.00948596000671
0.00462794303894
0.00517511367798
0.00575184822083
0.00832891464233
0.00569295883179
0.00835490226746
0.00811696052551
0.00522708892822
0.0053379535675
0.00553512573242
0.00495290756226
0.0055570602417
0.00566601753235
0.00835704803467
0.00285911560059
0.00367999076843
0.00873112678528
0.00564408302307
0.00528812408447
0.00819683074951
0.00520801544189
0.00833106040955
0.00854802131653
0.00550603866577
0.00790691375732
0.00603294372559
0.00819087028503
0.00577616691589
0.00558614730835
0.00569987297058
0.00867414474487
0.00556778907776
0.00556898117065
0.0082528591156
0.0088050365448
0.00578117370605
0.00357007980347
0.0054190158844
0.00579810142517
0.00558805465698
0.00856518745422
0.00856280326843
0.00583815574646
0.0035560131073
0.00552701950073
0.00853681564331
0.00580286979675
0.00891399383545
0.00592803955078
0.00512218475342
0.00565886497498
0.00555396080017
0.00881314277649
0.00607299804688
0.00578904151917
0.00835490226746
0.00866007804871
0.00424098968506
0.00544619560242
0.00834012031555
0.0055091381073
0.0076539516449
0.00582098960876
0.00517988204956
0.00577616691589
0.00381398200989
0.00862407684326
0.00579905509949
0.00841498374939
0.00775218009949
0.00583600997925
0.00804305076599
0.00596308708191
0.00582909584045
0.00869011878967
0.00563597679138
0.00804114341736
0.00566577911377
0.00592684745789
0.00556898117065
0.00539302825928
0.0061559677124
0.00267601013184
0.00608682632446
0.00553798675537
0.00847792625427
0.00594997406006
0.00533199310303
0.00552606582642
0.00396609306335
0.00813794136047
0.00746583938599
0.00356101989746
0.00519990921021
0.00772190093994
0.00833201408386
0.00546598434448
0.00508594512939
0.00567412376404
0.00824999809265
0.00581097602844
0.00857901573181
0.00544214248657
0.00597405433655
0.00578904151917
0.0062210559845
0.00228309631348
0.00520396232605
0.00556492805481
0.00562715530396
0.0089099407196
0.0055570602417
0.00817799568176
0.00885701179504
0.00375604629517
0.00543093681335
0.0075900554657
0.00816416740417
0.00489807128906
0.00543212890625
0.00524306297302
0.00567603111267
0.00776696205139
0.00531792640686
0.00531601905823
0.005695104599
0.00606393814087
0.00846886634827
0.00565409660339
0.00492405891418
0.00509190559387
0.00835204124451
0.00515508651733
0.00518202781677
0.00838112831116
0.0026228427887
0.00883412361145
0.00845003128052
0.00501203536987
0.00798487663269
0.00820708274841
0.00505709648132
0.00873208045959
0.00527191162109
0.00274205207825
0.00550699234009
0.005126953125
0.00525403022766
0.00816488265991
0.00526905059814
0.00860714912415
0.00509285926819
0.00844979286194
0.00536489486694
0.00502705574036
0.00547790527344
0.00512504577637
0.00558495521545
0.00536799430847
0.00510883331299
0.0056369304657
0.00505399703979
0.00445890426636
0.00442099571228
0.00474381446838
0.00494599342346
0.00526118278503
0.0079619884491
0.00837993621826
0.00408911705017
0.00557088851929
0.00838398933411
0.00876903533936
0.00508689880371
0.00519514083862
0.0134408473969
0.00991892814636
0.00561904907227
0.00495314598083
0.00536584854126
0.00797295570374
0.00619912147522
0.00782513618469
0.00820016860962
0.00823092460632
0.00539398193359
0.00577020645142
0.00264310836792
0.00890111923218
0.00605392456055
0.00499796867371
0.0056779384613
0.00528812408447
0.00830292701721
0.00787711143494
0.0052170753479
0.00544500350952
0.00563216209412
0.00544095039368
0.00825595855713
0.00575709342957
0.0111000537872
0.00295615196228
0.0073618888855
0.00869512557983
0.00715899467468
0.00650501251221
0.00668287277222
0.00605201721191
0.00785803794861
0.00715708732605
0.00684905052185
0.00711607933044
0.00712704658508
0.00747108459473
0.0074770450592
0.0041139125824
0.00729084014893
0.00670599937439
0.00685691833496
0.00751781463623
0.00650715827942
0.00672388076782
0.00664210319519
0.0072009563446
0.00737905502319
0.00735902786255
0.00748419761658
0.00767707824707
0.00758910179138
0.00745987892151
0.00770616531372
0.0071759223938
0.00692296028137
0.00277519226074
0.00689196586609
0.0030369758606
0.00642395019531
0.00701594352722
0.00427293777466
0.0065929889679
0.00706315040588
0.006187915802
0.00682902336121
0.0065131187439
0.00698184967041
0.00670099258423
0.00738286972046
0.00589394569397
0.00635290145874
0.00686883926392
0.00717401504517
0.0074770450592
0.00707101821899
0.00715184211731
0.00652599334717
0.00622296333313
0.00605797767639
0.00619316101074
0.00613188743591
0.00657200813293
0.0115938186646
0.00736594200134
0.00605297088623
0.00599694252014
0.00696992874146
0.00695180892944
0.00567102432251
0.00633120536804
0.00668716430664
0.00728917121887
0.00730395317078
0.00747799873352
0.00727295875549
0.00703716278076
0.00761985778809
0.00684499740601
0.00811100006104
0.00713205337524
0.00733184814453
0.00406908988953
0.00791692733765
0.00777697563171
0.00771307945251
0.00666999816895
0.00654292106628
0.00680494308472
0.00746893882751
0.00748896598816
0.00756502151489
0.00751614570618
0.00433802604675
0.00741100311279
0.00728797912598
0.00714802742004
0.00743293762207
0.00443005561829
0.00745296478271
0.00713396072388
0.00684189796448
0.00764298439026
0.0077121257782
0.00767397880554
0.00723695755005
0.00744080543518
0.00915098190308
0.0066978931427
0.0072340965271
0.00699496269226
0.0076949596405
0.007169008255
0.00684309005737
0.00717902183533
0.00409078598022
0.00749206542969
0.00752091407776
0.00750017166138
0.00756311416626
0.00765490531921
0.00709104537964
0.00721502304077
0.00714612007141
0.00782704353333
0.00747203826904
0.00725913047791
0.00803303718567
0.00746488571167
0.00782895088196
0.0070629119873
0.00664305686951
0.00671100616455
0.00737690925598
0.0046169757843
0.0074291229248
0.00702095031738
0.00751781463623
0.00756096839905
0.00749707221985
0.00746202468872
0.00727105140686
0.00712394714355
0.00726008415222
0.00715494155884
0.0066089630127
0.00670599937439
0.00750398635864
0.00758099555969
0.0072910785675
0.00735592842102
0.007000207901
0.00700116157532
0.00738000869751
0.00744700431824
0.00727605819702
0.0045759677887
0.00778985023499
0.00756597518921
0.00764489173889
0.00762295722961
0.00762605667114
0.00764894485474
0.0076060295105
0.00745701789856
0.00772595405579
0.00765204429626
0.00734996795654
0.00273394584656
0.00461006164551
0.00446105003357
0.00770998001099
0.00763916969299
0.00747990608215
0.00778007507324
0.0079231262207
0.00696897506714
0.00792217254639
0.00775098800659
0.00788688659668
0.00742506980896
0.00748181343079
0.00425791740417
0.00690793991089
0.00708484649658
0.00740790367126
0.00768303871155
0.00749111175537
0.00779700279236
0.00784301757812
0.00786018371582
0.00770616531372
0.00767087936401
0.0076310634613
0.00770902633667
0.00765419006348
0.00643301010132
0.00728702545166
0.00676488876343
0.00711894035339
0.00731801986694
0.00706195831299
0.00741982460022
0.00748491287231
0.00726795196533
0.00442910194397
0.00677013397217
0.00717902183533
0.00711297988892
0.00670194625854
0.00696206092834
0.00707197189331
0.00733494758606
0.00768303871155
0.0074200630188
0.00706005096436
0.0073618888855
0.00759291648865
0.00750088691711
0.00696492195129
0.00670599937439
0.00732898712158
0.00754809379578
0.00687909126282
0.00727295875549
0.00705194473267
0.00754714012146
0.00764393806458
0.00785899162292
0.00789499282837
0.00761008262634
0.00748896598816
0.0080349445343
0.0073230266571
0.00674819946289
0.0065610408783
0.00726509094238
0.0072009563446
0.00707817077637
0.00736403465271
0.00753402709961
0.00746607780457
0.00730419158936
0.00671792030334
0.00663709640503
0.006991147995
0.00704407691956
0.00742387771606
0.00739192962646
0.00780200958252
0.00731706619263
0.00741600990295
0.00696587562561
0.00721716880798
0.00399398803711
0.00691413879395
0.00701093673706
0.00698494911194
0.00677990913391
0.00818109512329
0.00721096992493
0.00753998756409
0.00751090049744
0.00715303421021
0.00736498832703
0.00632119178772
0.00571393966675
0.00618600845337
0.00599193572998
0.00720310211182
0.00629496574402
0.00659012794495
0.00671100616455
0.00634098052979
0.00629186630249
0.00591611862183
0.00693106651306
0.00674390792847
0.00700378417969
0.00386595726013
0.0065929889679
0.00666403770447
0.00683093070984
0.00634980201721
0.00627183914185
0.00634789466858
0.00690698623657
0.00700783729553
0.00654697418213
0.0062620639801
0.00623297691345
0.00605392456055
0.0060670375824
0.00584101676941
0.00573086738586
0.0059220790863
0.00599312782288
0.0058708190918
0.00599122047424
0.00640892982483
0.00634789466858
0.00682401657104
0.00634622573853
0.00351691246033
0.00603580474854
0.00614500045776
0.00622177124023
0.00599217414856
0.00619506835938
0.00591611862183
0.00588083267212
0.00610089302063
0.00697588920593
0.00201511383057
0.00603008270264
0.0059928894043
0.00383400917053
0.0062530040741
0.00600790977478
0.00569796562195
0.00722789764404
0.00633096694946
0.00657796859741
0.00682997703552
0.00650882720947
0.0061240196228
0.00181484222412
0.00590014457703
0.00572085380554
0.00647497177124
0.00644421577454
0.00635194778442
0.00669407844543
0.00690197944641
0.00626182556152
0.00715184211731
0.00468802452087
0.00620698928833
0.00615000724792
0.00379490852356
0.00698590278625
0.00660085678101
0.0096709728241
0.00946187973022
0.00627684593201
0.00660109519958
0.00694298744202
0.00741386413574
0.00688600540161
0.00733709335327
0.00679802894592
0.00763583183289
0.00735402107239
0.00692892074585
0.00722813606262
0.00679993629456
0.00705909729004
0.00729703903198
0.00416707992554
0.00785279273987
0.0075089931488
0.00408291816711
0.00739407539368
0.00735783576965
0.00734496116638
0.00627398490906
0.00704407691956
0.00705981254578
0.00686502456665
0.00748300552368
0.00645303726196
0.00692009925842
0.00760006904602
0.0063099861145
0.00700306892395
0.0075900554657
0.00310611724854
0.00682282447815
0.00689792633057
0.0071918964386
0.00396800041199
0.00684881210327
0.00694584846497
0.00699996948242
0.00720000267029
0.00780701637268
0.00761604309082
0.00690603256226
0.00679612159729
0.00710511207581
0.0070469379425
0.00755000114441
0.00583004951477
0.00280499458313
0.00723505020142
0.00669384002686
0.00647211074829
0.00758695602417
0.00731587409973
0.00639009475708
0.00411701202393
0.00641894340515
0.0067720413208
0.00727105140686
0.00733304023743
0.00731801986694
0.00733304023743
0.00632309913635
0.00677299499512
0.00411796569824
0.00598621368408
0.00563406944275
0.00692105293274
0.00766682624817
0.00728893280029
0.00727486610413
0.00710797309875
0.00734090805054
0.00778412818909
0.0077919960022
0.00729918479919
0.00738382339478
0.00701594352722
0.00637292861938
0.00674486160278
0.00683689117432
0.00676393508911
0.00732398033142
0.00664210319519
0.00705790519714
0.00723886489868
0.00686693191528
0.00559902191162
0.00611591339111
0.00636911392212
0.0070059299469
0.00546407699585
0.00690793991089
0.00658893585205
0.00669813156128
0.00694513320923
0.00735306739807
0.00694489479065
0.00666189193726
0.00730895996094
0.00688886642456
0.00687408447266
0.00702905654907
0.00693893432617
0.00586199760437
0.0063648223877
0.00439190864563
0.00622510910034
0.00672602653503
0.00298404693604
0.00703501701355
0.00434589385986
0.00750303268433
0.00727820396423
0.00754189491272
0.00793695449829
0.00722503662109
0.00747203826904
0.00811910629272
0.00777292251587
0.00796508789062
0.00728678703308
0.00291395187378
0.00150918960571
0.00122904777527
0.0012149810791
0.00122904777527
0.00120997428894
0.00129294395447
0.0012218952179
0.00125908851624
0.00123190879822
0.00121712684631
0.00130414962769
0.00131392478943
0.00205492973328
0.00125312805176
0.00204205513
0.00200486183167
0.00137495994568
0.00201296806335
0.00133681297302
0.00204300880432
0.00187611579895
0.0016188621521
0.00185608863831
0.00199604034424
0.00197601318359
0.00185489654541
0.00400400161743
0.00163388252258
0.00424289703369
0.00212097167969
0.00291395187378
0.00268292427063
0.00269198417664
0.00212001800537
0.00302290916443
0.00253200531006
0.00231385231018
0.00274300575256
0.00205087661743
0.00453591346741
0.00239205360413
0.00209522247314
0.0026478767395
0.002601146698
0.00265383720398
0.00204086303711
0.00294303894043
0.00257182121277
0.00241613388062
0.00310301780701
0.00258708000183
0.00244188308716
0.00247192382812
0.0041708946228
0.00232911109924
0.00255298614502
0.00255298614502
0.00261092185974
0.00243306159973
0.00246286392212
0.00374102592468
0.00271201133728
0.00274896621704
0.00242280960083
0.00236511230469
0.00251793861389
0.00240898132324
0.00242805480957
0.0025589466095
0.00270891189575
0.00416398048401
0.00242304801941
0.00248193740845
0.00257301330566
0.00260496139526
0.00292992591858
0.00267291069031
0.00249409675598
0.0026228427887
0.00363898277283
0.00240111351013
0.0024847984314
0.00263786315918
0.00273394584656
0.00285696983337
0.00250816345215
0.00251197814941
0.00190281867981
0.00430202484131
0.00231599807739
0.00240111351013
0.00252294540405
0.0019850730896
0.00239300727844
0.00255703926086
0.00194311141968
0.00302195549011
0.00261306762695
0.00246286392212
0.00205612182617
0.00231194496155
0.0024528503418
0.00234603881836
0.00230407714844
0.00258207321167
0.00202488899231
0.0022280216217
0.00251507759094
0.00210905075073
0.00299096107483
0.00251698493958
0.00255489349365
0.0028600692749
0.00257515907288
0.00261306762695
0.00249791145325
0.00292181968689
0.00261688232422
0.00263786315918
0.00232005119324
0.00294280052185
0.00444912910461
0.00216102600098
0.00237989425659
0.00228500366211
0.00226378440857
0.00266003608704
0.00224900245667
0.00168800354004
0.00236415863037
0.00225710868835
0.00205898284912
0.00215792655945
0.0023341178894
0.001708984375
0.00231194496155
0.00189399719238
0.00233316421509
0.0022509098053
0.00216794013977
0.00258588790894
0.00428700447083
0.00242209434509
0.00279211997986
0.0020740032196
0.0023410320282
0.00381207466125
0.00239896774292
0.002925157547
0.00215101242065
0.00228691101074
0.00269889831543
0.00216293334961
0.00189399719238
0.0018150806427
0.00234293937683
0.00226306915283
0.00387907028198
0.00370788574219
0.00259208679199
0.00215291976929
0.00227689743042
0.00183296203613
0.00420498847961
0.00206708908081
0.00237989425659
0.00181007385254
0.00234889984131
0.0023250579834
0.00215601921082
0.00191807746887
0.00229406356812
0.00205397605896
0.00181794166565
0.00215888023376
0.00226902961731
0.00226211547852
0.00207805633545
0.00227999687195
0.00209617614746
0.00203919410706
0.00215077400208
0.00214099884033
0.00255703926086
0.00230312347412
0.00294494628906
0.00231695175171
0.00258207321167
0.00405383110046
0.00277400016785
0.00261902809143
0.00250220298767
0.00254607200623
0.00245785713196
0.00233602523804
0.00237798690796
0.00246405601501
0.00203919410706
0.0028989315033
0.00233602523804
0.00255703926086
0.00225591659546
0.00263094902039
0.0026581287384
0.00207781791687
0.00238418579102
0.00255513191223
0.00287914276123
0.00220394134521
0.00252199172974
0.0027060508728
0.00414299964905
0.00269889831543
0.002681016922
0.00253486633301
0.00261211395264
0.00315093994141
0.00258803367615
0.00401377677917
0.00187802314758
0.00237798690796
0.002436876297
0.00377488136292
0.00194978713989
0.00236082077026
0.00246095657349
0.00188612937927
0.00266599655151
0.00250387191772
0.00202894210815
0.0021870136261
0.00251984596252
0.00353097915649
0.0023341178894
0.0021960735321
0.00257205963135
0.00217986106873
0.00247502326965
0.00235295295715
0.00182509422302
0.0032000541687
0.0029149055481
0.00285315513611
0.00254416465759
0.00266313552856
0.00247192382812
0.00259208679199
0.00264692306519
0.00240898132324
0.002760887146
0.0024151802063
0.00239396095276
0.00242900848389
0.00281190872192
0.00269293785095
0.00227499008179
0.0024778842926
0.00259494781494
0.00268006324768
0.00242495536804
0.00288701057434
0.00232100486755
0.00259590148926
0.00303220748901
0.00234389305115
0.0028338432312
0.00258183479309
0.00261783599854
0.00270199775696
0.00270795822144
0.00205707550049
0.00255012512207
0.00203585624695
0.0021538734436
0.0028817653656
0.00278377532959
0.00268578529358
0.00270509719849
0.00406885147095
0.00203514099121
0.00271677970886
0.00440001487732
0.00188803672791
0.00204181671143
0.00292086601257
0.00236701965332
0.00212717056274
0.00197911262512
0.00197410583496
0.00271987915039
0.00214815139771
0.0020580291748
0.00477600097656
0.00201797485352
0.00230717658997
0.00245308876038
0.00270199775696
0.00213694572449
0.00262308120728
0.00232982635498
0.00206208229065
0.00435996055603
0.00260090827942
0.00254011154175
0.00251984596252
0.00237107276917
0.00243711471558
0.00255608558655
0.00269198417664
0.0024209022522
0.0024938583374
0.00268197059631
0.00285792350769
0.00226497650146
0.00245189666748
0.00271320343018
0.00223994255066
0.00247311592102
0.00266003608704
0.00259399414062
0.00444507598877
0.00264000892639
0.00244617462158
0.00240015983582
0.00261998176575
0.00388503074646
0.00289297103882
0.00243401527405
0.00228190422058
0.00261688232422
0.00242209434509
0.00240898132324
0.0025532245636
0.00279116630554
0.00245213508606
0.00211882591248
0.00251317024231
0.00251793861389
0.00207495689392
0.00249290466309
0.00184011459351
0.00229978561401
0.00254607200623
0.00418090820312
0.00232696533203
0.00426602363586
0.00291895866394
0.00240898132324
0.00243210792542
0.00258207321167
0.00285601615906
0.00248789787292
0.00234198570251
0.00252890586853
0.00239109992981
0.00212907791138
0.00190806388855
0.00212097167969
0.00265312194824
0.0027232170105
0.00248789787292
0.00246286392212
0.00215101242065
0.00349903106689
0.00251388549805
0.00200796127319
0.00236797332764
0.00291585922241
0.00211000442505
0.00209403038025
0.0024471282959
0.0027289390564
0.00219511985779
0.00255680084229
0.00403308868408
0.00249004364014
0.00237202644348
0.00276613235474
0.0024881362915
0.00296306610107
0.00213122367859
0.00298810005188
0.00278210639954
0.00264692306519
0.0026547908783
0.00269389152527
0.00296711921692
0.00279498100281
0.00280404090881
0.00225210189819
0.00341510772705
0.00640201568604
0.00278997421265
0.00247693061829
0.00231504440308
0.00240778923035
0.00420999526978
0.00266289710999
0.00250315666199
0.00214004516602
0.00243997573853
0.00245594978333
0.0023410320282
0.00239181518555
0.00250506401062
0.00400686264038
0.00271201133728
0.00214195251465
0.00409603118896
0.00264596939087
0.0024299621582
0.00244092941284
0.00240206718445
0.0024209022522
0.00275492668152
0.00244283676147
0.00213885307312
0.0024402141571
0.00246405601501
0.00215196609497
0.00240015983582
0.00194406509399
0.00225591659546
0.00251507759094
0.0042130947113
0.00434589385986
0.00281596183777
0.00267815589905
0.00440192222595
0.00240087509155
0.00394797325134
0.00288391113281
0.00228214263916
0.00220489501953
0.0030779838562
0.00248098373413
0.00284719467163
0.00247097015381
0.00286912918091
0.00285601615906
0.00231790542603
0.00219416618347
0.00468301773071
0.00291013717651
0.00295495986938
0.00217199325562
0.00295186042786
0.00286293029785
0.00249099731445
0.00315809249878
0.00275087356567
0.00215005874634
0.00234699249268
0.00262689590454
0.00294399261475
0.00277304649353
0.00279092788696
0.0026581287384
0.00270581245422
0.00228500366211
0.00321507453918
0.00221085548401
0.00290203094482
0.00398802757263
0.00292086601257
0.00264096260071
0.00283694267273
0.00262212753296
0.00293302536011
0.00250792503357
0.00285887718201
0.00176692008972
0.0029730796814
0.00518202781677
0.00251913070679
0.00289392471313
0.00271010398865
0.00279593467712
0.00268411636353
0.00280284881592
0.00232315063477
0.00416994094849
0.002769947052
0.00280904769897
0.00299406051636
0.00289106369019
0.00227117538452
0.00221490859985
0.00308704376221
0.00278902053833
0.00392603874207
0.00454211235046
0.00283312797546
0.00284290313721
0.00280499458313
0.00246977806091
0.00287294387817
0.00245690345764
0.0029149055481
0.0028350353241
0.00340700149536
0.00253391265869
0.00279092788696
0.00219893455505
0.00219988822937
0.00311088562012
0.00287985801697
0.00199103355408
0.0027961730957
0.00290489196777
0.00284004211426
0.00227999687195
0.00220108032227
0.00309801101685
0.00273394584656
0.00255107879639
0.0028030872345
0.00255990028381
0.00306296348572
0.00276017189026
0.00286507606506
0.00282502174377
0.00238299369812
0.00269293785095
0.00249814987183
0.00258708000183
0.00249195098877
0.00237798690796
0.00292706489563
0.00213408470154
0.0024139881134
0.00235509872437
0.00287008285522
0.00229907035828
0.00362110137939
0.00238299369812
0.00266909599304
0.00228786468506
0.00231003761292
0.00242018699646
0.00212216377258
0.00204586982727
0.00255298614502
0.0035719871521
0.00201010704041
0.00248789787292
0.00213098526001
0.00222301483154
0.00238013267517
0.00406098365784
0.00212597846985
0.00215196609497
0.00198411941528
0.00261998176575
0.00193285942078
0.00233197212219
0.00258898735046
0.00196194648743
0.00239181518555
0.00235295295715
0.00221300125122
0.00230407714844
0.00269103050232
0.00207805633545
0.00237393379211
0.0023181438446
0.0019690990448
0.00421094894409
0.00219511985779
0.00363707542419
0.00214195251465
0.00222706794739
0.0023820400238
0.00228786468506
0.00192379951477
0.0022931098938
0.00249600410461
0.00436592102051
0.00202012062073
0.00239205360413
0.00230097770691
0.00211715698242
0.00234794616699
0.0024049282074
0.00292897224426
0.00217294692993
0.00239896774292
0.00255084037781
0.00191497802734
0.00185203552246
0.00398588180542
0.00247192382812
0.00265693664551
0.00243377685547
0.00195002555847
0.00410795211792
0.00196313858032
0.00235819816589
0.00235509872437
